size for secuential search
100;1000;10000;100000;1000000;10000000;10000000;100000000;1000000000;
8.518e-06;9.845e-06;7.8146e-05;0.000777978;0.00576358;0.028696;0.269516;2.85093;
9.49e-07;1.5079e-05;2.72e-05;0.000336971;0.00289184;0.0275036;0.292431;2.86115;
1.335e-06;2.821e-06;2.7894e-05;0.000290167;0.00270431;0.0278762;0.293;2.8728;
8.62e-07;2.464e-06;6.1749e-05;0.00031378;0.00256421;0.0259643;0.260767;2.58815;
7.91e-07;2.435e-06;6.2179e-05;0.000313648;0.00261116;0.0254402;0.256353;2.58132;
8.28e-07;2.697e-06;4.6266e-05;0.000294284;0.00253568;0.0254347;0.256161;2.5786;
7.09e-07;2.443e-06;6.1985e-05;0.000314459;0.00262134;0.0256723;0.256369;2.58462;
7.84e-07;2.506e-06;6.196e-05;0.000312597;0.00258494;0.0258467;0.258674;2.66373;
7.78e-07;2.469e-06;6.2125e-05;0.000313467;0.0027053;0.0261943;0.27344;2.79021;
9.26e-07;2.777e-06;2.8548e-05;0.000340205;0.00300427;0.0277316;0.291285;2.74315;
8.79e-07;2.0128e-05;4.8542e-05;0.000351759;0.0026635;0.0291872;0.264984;2.64872;
8.36e-07;2.0005e-05;4.7716e-05;0.000355135;0.00264921;0.0275333;0.264064;2.66062;
8.69e-07;2.675e-06;4.8439e-05;0.000429833;0.00273691;0.0291951;0.294393;2.73134;
8.58e-07;2.457e-06;4.8045e-05;0.0003217;0.00266327;0.0270018;0.26548;2.78022;
8.87e-07;2.596e-06;5.5401e-05;0.000326282;0.002896;0.0297583;0.269955;2.87377;
8.8e-07;2.722e-06;2.7093e-05;0.00030856;0.00276037;0.0300818;0.27985;2.74569;
8.39e-07;2.457e-06;6.1804e-05;0.000312219;0.00256417;0.0259124;0.2611;2.64453;
7.88e-07;2.484e-06;6.1845e-05;0.000311728;0.00256701;0.0262144;0.257873;2.59262;
7.92e-07;2.46e-06;6.2376e-05;0.000313702;0.00260317;0.0254427;0.256542;2.64679;
8.5e-07;2.624e-06;4.7307e-05;0.000328857;0.00263467;0.0271295;0.27005;2.6774;
8.53e-07;2.478e-06;6.225e-05;0.00031576;0.00253289;0.0259826;0.260865;2.72769;
7.69e-07;2.446e-06;6.2237e-05;0.000311571;0.00259459;0.0259153;0.270539;2.80719;
9.22e-07;2.666e-06;5.503e-05;0.000329396;0.00326016;0.0294803;0.289251;2.96247;
8.92e-07;2.692e-06;2.7493e-05;0.000335629;0.00277473;0.0290743;0.295131;2.87868;
1.016e-06;2.7e-06;4.8312e-05;0.000301023;0.00331104;0.0291438;0.288318;2.98013;
5.115e-06;8.871e-06;9.1308e-05;0.000910221;0.00836727;0.0480298;0.299821;2.89482;
1.027e-06;2.791e-06;2.7815e-05;0.000290678;0.00284434;0.028329;0.280855;2.79457;
9.33e-07;2.498e-06;6.2282e-05;0.000315789;0.00265054;0.0273989;0.275424;2.82022;
8.89e-07;2.734e-06;4.6177e-05;0.000294443;0.00276734;0.026604;0.276786;2.67529;
9.08e-07;2.485e-06;4.4231e-05;0.000313103;0.00279927;0.0261797;0.261388;2.62085;
1.153e-06;2.466e-06;6.2105e-05;0.000314053;0.00253267;0.0260402;0.261132;2.62268;
8.15e-07;2.0494e-05;4.6839e-05;0.000378213;0.00257648;0.0260969;0.261417;2.61214;
8.37e-07;2.478e-06;4.4933e-05;0.000313982;0.00253295;0.0258941;0.261444;2.60623;
7.81e-07;2.469e-06;6.2596e-05;0.000313584;0.0026817;0.025718;0.256109;2.5758;
7.4e-07;2.472e-06;6.2048e-05;0.000299574;0.00263273;0.0256291;0.256182;2.58066;
6.96e-07;2.483e-06;6.2017e-05;0.000406821;0.00276552;0.0254265;0.258998;2.57391;
7.92e-07;2.473e-06;6.1987e-05;0.000299543;0.00277773;0.0255716;0.260458;2.5749;
7.62e-07;2.484e-06;4.6818e-05;0.000313692;0.00253303;0.0258367;0.256193;2.57322;
1.053e-06;2.471e-06;6.262e-05;0.00031357;0.00253808;0.0255338;0.256682;2.58342;
8.01e-07;2.48e-06;6.2148e-05;0.000315624;0.00253557;0.0255495;0.256171;2.57726;
position for secuential search
1/6;2/6;3/6;4/6;5/6;6/6;
0.21838;0.428339;0.650651;0.858418;1.0702;1.28917;
0.213714;0.427015;0.640867;0.8553;1.06865;1.28345;
0.213797;0.427901;0.640528;0.855551;1.06929;1.28421;
0.212839;0.42823;0.639252;0.851703;1.06573;1.28044;
0.212914;0.425802;0.642011;0.859023;1.06502;1.27904;
0.213246;0.426175;0.638799;0.851682;1.06688;1.2767;
0.212767;0.425497;0.640959;0.851168;1.06576;1.27725;
0.213252;0.425754;0.63906;0.855278;1.06698;1.27935;
0.212721;0.425562;0.647005;0.854189;1.06492;1.27897;
0.212818;0.425624;0.639955;0.88541;1.06602;1.28328;
0.212831;0.427319;0.639859;0.851742;1.06966;1.28105;
0.217408;0.428658;0.640037;0.852797;1.06699;1.2839;
0.229746;0.428711;0.640445;0.853039;1.06464;1.28461;
0.212616;0.425645;0.638988;0.853658;1.06982;1.27664;
0.212804;0.428039;0.640726;0.852;1.06405;1.27697;
0.21277;0.426242;0.63895;0.859014;1.06873;1.27874;
0.213278;0.428201;0.639159;0.851255;1.06462;1.30423;
0.21284;0.425838;0.659798;0.905179;1.10843;1.30991;
0.213667;0.456046;0.645093;0.852531;1.06552;1.28557;
0.213393;0.426112;0.639036;0.854868;1.06773;1.28167;
0.212828;0.425593;0.640651;0.852834;1.06824;1.27944;
0.214986;0.43659;0.640269;0.852896;1.06492;1.27822;
0.234924;0.451078;0.691515;0.906237;1.11598;1.31611;
0.212712;0.425384;0.641686;0.8665;1.06802;1.28305;
0.212687;0.426145;0.650992;0.894313;1.11538;1.31391;
0.214872;0.430899;0.645063;0.860465;1.07475;1.29106;
0.215276;0.443383;0.663984;0.87068;1.08827;1.30674;
0.217701;0.486534;0.657702;0.868765;1.08319;1.28471;
0.213415;0.427034;0.64054;0.855582;1.07238;1.28414;
0.213271;0.427303;0.640699;0.855598;1.06827;1.28161;
0.21326;0.427155;0.641734;0.855532;1.10476;1.30653;
0.213377;0.427055;0.642871;0.855381;1.06966;1.28619;
0.213443;0.428286;0.641922;0.861143;1.06842;1.28364;
0.213765;0.426917;0.640355;0.895537;1.07029;1.28873;
0.213963;0.432085;0.642178;0.854741;1.06742;1.28192;
0.213393;0.427102;0.641057;0.855556;1.0717;1.28934;
0.21517;0.427671;0.647801;0.857896;1.06988;1.28901;
0.213593;0.427149;0.647434;0.856059;1.06914;1.28791;
0.212756;0.427068;0.64135;0.903295;1.07618;1.28076;
0.212669;0.427483;0.638788;0.853784;1.07353;1.28246;
size for binary search
100;1000;10000;100000;1000000;10000000;10000000;100000000;1000000000;
1.355e-06;3.93e-07;4.18e-07;7.3e-07;9.95e-07;1.143e-06;1.31e-06;1.588e-06;
1.71e-07;1.58e-07;2.48e-07;2.53e-07;3.25e-07;4.06e-07;5.26e-07;4.35e-07;
1.03e-07;1.43e-07;2.05e-07;2.31e-07;2.75e-07;3.17e-07;3.36e-07;3.85e-07;
9.9e-08;1.4e-07;1.95e-07;2.26e-07;2.79e-07;2.99e-07;3.38e-07;3.67e-07;
1e-07;1.44e-07;1.74e-07;2.21e-07;2.59e-07;3.04e-07;3.27e-07;3.59e-07;
1e-07;1.45e-07;1.79e-07;2.25e-07;2.63e-07;3.15e-07;3.23e-07;3.6e-07;
9.7e-08;1.4e-07;1.83e-07;2.18e-07;2.59e-07;2.99e-07;3.63e-07;3.61e-07;
1.04e-07;1.41e-07;1.8e-07;2.27e-07;2.61e-07;2.96e-07;3.35e-07;3.55e-07;
1.03e-07;1.42e-07;1.78e-07;2.13e-07;2.62e-07;2.96e-07;3.22e-07;3.61e-07;
9.9e-08;1.37e-07;1.77e-07;2.24e-07;2.63e-07;2.98e-07;3.3e-07;3.61e-07;
1.03e-07;1.39e-07;1.79e-07;2.23e-07;2.6e-07;2.95e-07;3.31e-07;3.59e-07;
1e-07;1.42e-07;1.77e-07;2.23e-07;2.62e-07;2.93e-07;3.36e-07;3.63e-07;
1.06e-07;1.37e-07;1.76e-07;2.16e-07;2.61e-07;2.93e-07;3.25e-07;3.56e-07;
1.02e-07;1.42e-07;1.82e-07;2.28e-07;2.66e-07;2.89e-07;3.31e-07;3.59e-07;
1.02e-07;1.4e-07;1.78e-07;2.21e-07;2.65e-07;2.97e-07;3.21e-07;3.61e-07;
1.01e-07;1.44e-07;1.84e-07;2.19e-07;2.62e-07;3.01e-07;3.27e-07;3.54e-07;
1.01e-07;1.38e-07;1.79e-07;2.25e-07;2.58e-07;2.97e-07;3.3e-07;3.57e-07;
9.9e-08;1.48e-07;1.76e-07;2.25e-07;2.58e-07;2.99e-07;3.29e-07;3.58e-07;
1.01e-07;1.38e-07;1.8e-07;2.25e-07;2.62e-07;2.91e-07;3.34e-07;3.57e-07;
1.11e-07;1.43e-07;1.86e-07;2.24e-07;2.53e-07;3.05e-07;3.29e-07;3.62e-07;
1.02e-07;1.45e-07;1.77e-07;2.2e-07;2.73e-07;2.98e-07;3.31e-07;3.64e-07;
1e-07;1.38e-07;1.8e-07;2.24e-07;2.66e-07;2.98e-07;3.34e-07;3.61e-07;
1.04e-07;1.47e-07;1.8e-07;2.22e-07;2.66e-07;2.96e-07;3.3e-07;3.63e-07;
1.1e-07;1.49e-07;1.91e-07;2.22e-07;2.67e-07;3e-07;3.18e-07;3.58e-07;
1.05e-07;1.46e-07;1.75e-07;2.23e-07;2.61e-07;2.92e-07;3.21e-07;3.61e-07;
9.6e-08;1.39e-07;1.77e-07;2.25e-07;2.62e-07;2.95e-07;3.16e-07;3.55e-07;
9.7e-08;1.37e-07;1.78e-07;2.28e-07;2.62e-07;3.06e-07;3.24e-07;3.58e-07;
9.9e-08;1.41e-07;1.79e-07;2.3e-07;2.59e-07;2.97e-07;3.16e-07;3.58e-07;
1.05e-07;1.41e-07;1.76e-07;2.21e-07;2.6e-07;2.99e-07;3.24e-07;3.57e-07;
1.01e-07;1.36e-07;1.79e-07;2.22e-07;2.62e-07;2.96e-07;3.18e-07;3.63e-07;
1e-07;1.41e-07;1.76e-07;2.27e-07;2.65e-07;3.02e-07;3.13e-07;3.7e-07;
9.8e-08;1.4e-07;1.85e-07;2.21e-07;2.63e-07;2.98e-07;3.22e-07;3.57e-07;
9.9e-08;1.41e-07;1.76e-07;2.24e-07;2.61e-07;2.99e-07;3.23e-07;3.78e-07;
1.02e-07;1.4e-07;1.87e-07;2.21e-07;2.63e-07;2.96e-07;3.22e-07;3.59e-07;
9.7e-08;1.42e-07;1.75e-07;2.23e-07;2.59e-07;2.96e-07;3.23e-07;3.57e-07;
1e-07;1.39e-07;1.72e-07;2.21e-07;2.63e-07;3.09e-07;3.22e-07;3.55e-07;
1.02e-07;1.4e-07;1.74e-07;2.37e-07;2.64e-07;3.09e-07;3.29e-07;3.63e-07;
1.27e-07;1.49e-07;1.97e-07;2.31e-07;2.81e-07;3.15e-07;3.47e-07;4.51e-07;
9.7e-08;1.39e-07;1.74e-07;2.23e-07;2.55e-07;2.97e-07;3.23e-07;3.58e-07;
1.02e-07;1.38e-07;1.84e-07;2.36e-07;2.79e-07;2.96e-07;3.23e-07;3.62e-07;
position for binary search
1/6;2/6;3/6;4/6;5/6;6/6;
3.583e-06;1.729e-06;1.889e-06;1.962e-06;1.181e-06;7.61e-07;
3.455e-06;1.779e-06;1.623e-06;1.792e-06;1.344e-06;9.92e-07;
3.186e-06;1.295e-06;1.37e-06;1.773e-06;1.367e-06;6.79e-07;
2.846e-06;1.348e-06;1.607e-06;2.101e-06;1.287e-06;6.7e-07;
2.637e-06;1.889e-06;1.375e-06;1.622e-06;1.181e-06;7.19e-07;
3.088e-06;1.36e-06;1.371e-06;1.961e-06;1.407e-06;8.6e-07;
3.164e-06;1.611e-06;1.373e-06;1.678e-06;1.6e-06;6.86e-07;
2.544e-06;1.842e-06;1.439e-06;1.575e-06;1.39e-06;8.09e-07;
2.833e-06;1.406e-06;1.418e-06;1.929e-06;1.374e-06;8.52e-07;
2.749e-06;1.389e-06;1.486e-06;1.718e-06;1.415e-06;7.57e-07;
3.328e-06;1.499e-06;1.502e-06;1.825e-06;1.3e-06;8.57e-07;
3.075e-06;1.891e-06;1.54e-06;1.662e-06;1.453e-06;8.61e-07;
3.228e-06;1.335e-06;1.567e-06;1.965e-06;1.536e-06;6.37e-07;
3.332e-06;1.41e-06;1.899e-06;1.7e-06;1.432e-06;8.12e-07;
2.799e-06;1.355e-06;1.389e-06;1.643e-06;1.314e-06;8.3e-07;
2.867e-06;1.351e-06;1.884e-06;2.062e-06;1.556e-06;9.21e-07;
2.905e-06;1.271e-06;1.314e-06;1.508e-06;1.402e-06;8.26e-07;
5.324e-06;2.244e-06;1.902e-06;2.544e-06;1.927e-06;8.23e-07;
2.843e-06;1.866e-06;1.417e-06;1.875e-06;1.59e-06;7.18e-07;
3.103e-06;1.782e-06;1.226e-06;1.746e-06;1.758e-06;8.01e-07;
2.619e-06;1.703e-06;1.512e-06;1.901e-06;1.514e-06;8.03e-07;
3.011e-06;1.619e-06;1.527e-06;1.654e-06;1.311e-06;7.5e-07;
3.181e-06;1.437e-06;1.46e-06;1.751e-06;1.318e-06;7.13e-07;
3.114e-06;1.49e-06;1.5e-06;1.675e-06;1.316e-06;6.62e-07;
3.113e-06;1.334e-06;1.636e-06;1.637e-06;1.482e-06;6.97e-07;
2.757e-06;1.967e-06;1.446e-06;1.892e-06;1.4e-06;7.69e-07;
2.967e-06;1.331e-06;1.481e-06;1.568e-06;1.228e-06;7.12e-07;
2.836e-06;1.491e-06;1.417e-06;1.783e-06;1.496e-06;8.31e-07;
2.857e-06;1.387e-06;1.494e-06;2.135e-06;1.347e-06;7.07e-07;
3.011e-06;1.859e-06;1.538e-06;1.798e-06;1.7e-06;6.47e-07;
3.181e-06;1.765e-06;1.488e-06;1.81e-06;1.421e-06;7.04e-07;
3.189e-06;1.368e-06;1.165e-06;1.609e-06;1.78e-06;5.51e-07;
3.209e-06;1.399e-06;2.165e-06;1.637e-06;1.43e-06;6.69e-07;
3.077e-06;1.717e-06;1.288e-06;1.564e-06;1.251e-06;9.11e-07;
3.12e-06;1.319e-06;1.403e-06;1.908e-06;1.453e-06;6.88e-07;
2.775e-06;1.715e-06;1.54e-06;1.603e-06;1.189e-06;7.59e-07;
2.71e-06;1.386e-06;2.016e-06;1.697e-06;1.227e-06;8.25e-07;
3.181e-06;1.978e-06;1.63e-06;1.665e-06;1.262e-06;1.073e-06;
2.722e-06;1.422e-06;1.81e-06;1.822e-06;1.236e-06;7.1e-07;
3.175e-06;1.402e-06;1.248e-06;1.913e-06;1.253e-06;7.33e-07;
size for exponential search
100;1000;10000;100000;1000000;10000000;10000000;100000000;1000000000;
1.263e-06;4.48e-07;4.8e-07;9.02e-07;1.051e-06;1.435e-06;1.474e-06;1.28e-06;
1.73e-07;1.8e-07;3.72e-07;2.68e-07;4.28e-07;3.79e-07;4.74e-07;1.8102e-05;
1.44e-07;1.84e-07;2.46e-07;2.75e-07;3.09e-07;3.79e-07;1.8018e-05;4.82e-07;
1.34e-07;1.86e-07;2.31e-07;2.87e-07;3.39e-07;3.88e-07;4.25e-07;4.72e-07;
1.37e-07;1.9e-07;2.43e-07;2.81e-07;3.43e-07;4.31e-07;4.45e-07;4.9e-07;
1.42e-07;1.91e-07;2.56e-07;2.88e-07;3.38e-07;4.01e-07;4.23e-07;4.74e-07;
1.43e-07;2e-07;2.46e-07;2.8e-07;3.38e-07;4e-07;4.27e-07;4.74e-07;
1.35e-07;1.99e-07;2.48e-07;3.05e-07;3.47e-07;4.06e-07;4.31e-07;4.97e-07;
1.43e-07;1.97e-07;2.46e-07;2.94e-07;3.39e-07;4.07e-07;4.5e-07;4.89e-07;
1.38e-07;1.98e-07;2.42e-07;3.03e-07;3.55e-07;4.05e-07;4.41e-07;4.91e-07;
1.63e-07;1.95e-07;2.48e-07;2.9e-07;3.54e-07;4.06e-07;4.46e-07;4.88e-07;
1.37e-07;1.93e-07;2.51e-07;2.96e-07;3.51e-07;3.9e-07;4.32e-07;4.79e-07;
1.56e-07;1.9e-07;2.45e-07;2.91e-07;3.39e-07;4.04e-07;4.44e-07;4.73e-07;
1.32e-07;1.91e-07;2.46e-07;2.72e-07;3.22e-07;3.79e-07;4.2e-07;4.56e-07;
1.3e-07;1.86e-07;2.33e-07;2.74e-07;3.22e-07;3.81e-07;4.14e-07;4.57e-07;
1.32e-07;1.86e-07;2.37e-07;2.67e-07;3.24e-07;3.85e-07;4.3e-07;4.75e-07;
1.5e-07;1.82e-07;2.27e-07;2.74e-07;3.21e-07;4.28e-07;4.26e-07;4.89e-07;
1.28e-07;1.8e-07;2.34e-07;2.8e-07;3.31e-07;3.76e-07;4.17e-07;4.65e-07;
1.26e-07;1.88e-07;2.29e-07;2.69e-07;3.23e-07;3.79e-07;4.22e-07;4.74e-07;
1.66e-07;1.96e-07;2.45e-07;2.9e-07;3.34e-07;4e-07;4.39e-07;4.84e-07;
1.44e-07;1.93e-07;2.27e-07;2.77e-07;3.2e-07;3.79e-07;4.25e-07;4.33e-07;
1.18e-07;1.79e-07;2.25e-07;2.6e-07;3.07e-07;3.67e-07;3.9e-07;4.32e-07;
1.47e-07;1.85e-07;2.34e-07;2.73e-07;3.23e-07;3.85e-07;4.19e-07;5.09e-07;
1.25e-07;1.92e-07;2.33e-07;2.73e-07;3.29e-07;3.86e-07;4.13e-07;4.57e-07;
1.3e-07;1.92e-07;2.33e-07;2.74e-07;3.24e-07;3.8e-07;4.05e-07;4.61e-07;
1.22e-07;1.93e-07;2.27e-07;2.8e-07;3.2e-07;3.85e-07;4.12e-07;4.62e-07;
1.46e-07;1.85e-07;2.21e-07;2.66e-07;3.22e-07;3.85e-07;4.11e-07;4.58e-07;
1.25e-07;1.85e-07;2.38e-07;2.71e-07;3.27e-07;3.83e-07;4.22e-07;4.6e-07;
1.39e-07;1.8e-07;2.31e-07;2.73e-07;3.2e-07;3.95e-07;4.03e-07;4.6e-07;
1.26e-07;1.88e-07;2.23e-07;2.64e-07;3.14e-07;4e-07;4.09e-07;4.66e-07;
1.26e-07;1.82e-07;2.32e-07;2.71e-07;3.2e-07;3.78e-07;4.17e-07;4.64e-07;
1.42e-07;1.88e-07;2.34e-07;2.83e-07;3.27e-07;3.93e-07;4.32e-07;4.67e-07;
1.25e-07;1.84e-07;2.24e-07;2.77e-07;3.29e-07;3.96e-07;4.13e-07;4.65e-07;
1.25e-07;1.87e-07;2.26e-07;2.67e-07;3.21e-07;3.87e-07;4.16e-07;4.58e-07;
1.47e-07;1.84e-07;2.33e-07;2.76e-07;3.23e-07;3.91e-07;4.21e-07;4.67e-07;
1.36e-07;1.89e-07;2.29e-07;2.76e-07;3.24e-07;3.88e-07;4.11e-07;4.77e-07;
1.24e-07;1.87e-07;2.36e-07;2.71e-07;3.36e-07;3.85e-07;4.13e-07;4.61e-07;
1.25e-07;1.78e-07;2.39e-07;2.72e-07;3.3e-07;3.86e-07;4.18e-07;4.62e-07;
1.32e-07;1.83e-07;2.32e-07;2.76e-07;3.31e-07;3.89e-07;4.08e-07;4.6e-07;
1.23e-07;1.88e-07;2.27e-07;2.82e-07;3.26e-07;3.8e-07;4.12e-07;4.59e-07;
position for exponential search
1/6;2/6;3/6;4/6;5/6;6/6
4.11e-06;2.384e-06;2.705e-06;2.04e-06;1.426e-06;1.274e-06;
4.884e-06;2.047e-06;2.197e-06;1.495e-06;1.5e-06;1.3e-06;
5.036e-06;2.041e-06;2.79e-06;1.502e-06;1.571e-06;1.215e-06;
4.26e-06;2.317e-06;2.135e-06;1.999e-06;1.528e-06;8.27e-07;
3.689e-06;2.114e-06;1.975e-06;1.776e-06;1.733e-06;9.43e-07;
4.329e-06;2.081e-06;1.817e-06;1.812e-06;2.045e-06;6.84e-07;
4.927e-06;1.836e-06;1.996e-06;1.561e-06;1.784e-06;1.253e-06;
4.411e-06;2.333e-06;2.639e-06;1.466e-06;1.764e-06;7.28e-07;
3.992e-06;2.282e-06;2.099e-06;1.787e-06;1.632e-06;1.066e-06;
4.271e-06;2.385e-06;2.447e-06;1.792e-06;1.526e-06;1.014e-06;
3.904e-06;2.778e-06;2.223e-06;1.476e-06;1.698e-06;7.47e-07;
4.097e-06;2.3e-06;1.988e-06;1.773e-06;1.476e-06;8.26e-07;
4.23e-06;2.132e-06;2.159e-06;1.963e-06;1.593e-06;9.32e-07;
4.331e-06;1.88e-06;2.126e-06;1.556e-06;1.741e-06;7.64e-07;
4.546e-06;2.18e-06;2.432e-06;2.181e-06;1.416e-06;7.79e-07;
4.594e-06;1.746e-06;2.068e-06;1.462e-06;1.724e-06;1.165e-06;
4.064e-06;2.589e-06;2.193e-06;1.471e-06;1.668e-06;7.28e-07;
4.785e-06;2.449e-06;2.544e-06;1.44e-06;1.749e-06;7.4e-07;
4e-06;2.678e-06;2.163e-06;1.446e-06;1.625e-06;8.9e-07;
4.254e-06;1.72e-06;1.973e-06;1.496e-06;1.69e-06;7.69e-07;
4.288e-06;1.81e-06;2.095e-06;1.724e-06;1.523e-06;8.72e-07;
4.027e-06;1.967e-06;1.918e-06;1.568e-06;1.323e-06;8.25e-07;
4.175e-06;2.619e-06;2.488e-06;1.554e-06;1.439e-06;9.64e-07;
4.951e-06;2.172e-06;5.749e-06;8.229e-06;5.219e-06;1.826e-06;
4.422e-06;2.372e-06;2.021e-06;1.522e-06;1.622e-06;8.09e-07;
4.966e-06;1.594e-06;2e-06;1.679e-06;1.781e-06;7.04e-07;
4.076e-06;2.122e-06;2.202e-06;1.976e-06;1.78e-06;9.98e-07;
4.533e-06;1.848e-06;2.077e-06;1.862e-06;1.724e-06;7.67e-07;
4.488e-06;2.068e-06;2.094e-06;1.613e-06;1.704e-06;7.29e-07;
5.054e-06;2.004e-06;2.204e-06;1.595e-06;1.511e-06;7.35e-07;
4.029e-06;2.079e-06;2.513e-06;1.599e-06;1.358e-06;9.21e-07;
4.323e-06;2.085e-06;2.223e-06;1.667e-06;1.497e-06;1.043e-06;
4.398e-06;2.428e-06;2.593e-06;1.593e-06;1.467e-06;8.97e-07;
4.33e-06;2.351e-06;2.438e-06;1.662e-06;1.7e-06;8.77e-07;
4.58e-06;2.504e-06;2.228e-06;1.815e-06;1.998e-06;7.89e-07;
4.699e-06;2.143e-06;2.016e-06;2.085e-06;1.863e-06;6.77e-07;
4.277e-06;2.135e-06;2.183e-06;1.575e-06;1.887e-06;1.08e-06;
3.97e-06;1.785e-06;2.534e-06;1.727e-06;1.66e-06;1.274e-06;
4.129e-06;1.836e-06;2.454e-06;1.656e-06;1.542e-06;1.344e-06;
4.644e-06;1.83e-06;2.096e-06;1.429e-06;1.495e-06;9.44e-07;
