1.63265e-05,0.00983897,1.59219e-05,0.0055966,1.73656e-05,0.00380693,1.55476e-05,0.00346243,1.84319e-05,0.00402191,1.71871e-05,0.00342094,1.57492e-05,0.00318197,

4.8414e-06,0.00947609,5.21088e-06,0.00473166,5.37796e-06,0.00401757,4.63394e-06,0.0034771,4.75498e-06,0.00346806,4.80248e-06,0.00344706,4.26622e-06,0.0031563,

6.27224e-06,0.00313132,5.32058e-06,0.00304661,6.34084e-06,0.00302799,5.76302e-06,0.00285969,4.7006e-06,0.00280916,4.44984e-06,0.00281665,5.4265e-06,0.00279739,

4.49842e-06,4.44758e-06,3.97454e-06,4.26502e-06,4.62068e-06,5.09434e-06,4.20554e-06,

4.15576e-06,4.54388e-06,4.66624e-06,4.84868e-06,4.78452e-06,4.44042e-06,4.40056e-06,

4.7635e-06,0.00325448,4.84054e-06,0.00317299,4.8373e-06,0.00296796,0,