Binary push
100000;200000;300000;400000;500000;600000;700000;800000;900000;1000000;
1.80755e-07;1.13071e-07;1.49781e-07;1.1416e-07;1.1147e-07;1.21429e-07;1.19505e-07;1.2142e-07;1.2949e-07;1.20041e-07;





Binary pop
100000;200000;300000;400000;500000;600000;700000;800000;900000;1000000;
7.18953e-07;8.3294e-07;8.79456e-07;9.77843e-07;1.01303e-06;1.02713e-06;1.06019e-06;1.05906e-06;1.00061e-06;9.53642e-07;





Binary union
100000;200000;300000;400000;500000;600000;700000;800000;900000;1000000;
0.120659;0.23607;0.354705;0.474726;0.59403;0.70954;0.829815;0.946249;1.06554;1.17409;





