Binomial push
100000;200000;300000;400000;500000;600000;700000;800000;900000;1000000;
3.68528e-06;3.76693e-06;3.78596e-06;3.92813e-06;4.00517e-06;4.11679e-06;4.43401e-06;4.51851e-06;4.759e-06;4.31218e-06;





Binomial pop
100000;200000;300000;400000;500000;600000;700000;800000;900000;1000000;
5.39894e-06;5.67612e-06;6.06127e-06;6.43246e-06;7.02185e-06;6.50466e-06;7.52776e-06;6.67646e-06;6.43457e-06;7.21112e-06;





Binomial union
100000;200000;300000;400000;500000;600000;700000;800000;900000;1000000;
0.000139558;0.000114627;0.000161679;0.000120709;0.00015137;0.000237928;0.000181456;0.000213176;0.000347545;0.000230333;





